4,40
4,8
4,88
4,70
4,72
4,32
4,78
4,25
4,89
6,4
6,6
7,8
7,7
7,5
0,401
0,400
0,399
0,278
0,398
0,397
0,396
0,395
36,52
36,51
36,50
36,49
36,48
36,47
36,46
36,45
36,44
36,43
36,42
36,41
36,40
36,39
36,38
36,37
36,36
0,273
0,270
36,35
3,1
3,3
10,220
10,286
10,296
10,86
10,20
10,26
10,144
10,134
10,2
10,3
11,28
11,21
11,10
11,26
11,20
11,9
11,1
11,27
11,2
11,3
9,7
9,6
9,1
9,4
9,2
9,3
8,14
8,4
8,5
8,15
8,18
8,1
8,11
8,2
8,3
12,2
12,1
12,3
35,6
35,5
35,4
35,3
35,2
35,1
35,0
34,3
34,2
34,1
34,0
33,4
33,3
33,2
33,1
33,0
32,8
32,7
32,6
32,5
